2.3000000000e+11	3.1479991955e-07
2.3011211211e+11	3.2785906993e-07
2.3022422422e+11	3.4091198374e-07
2.3033633634e+11	3.5395865914e-07
2.3044844845e+11	3.6699909433e-07
2.3056056056e+11	3.8003328748e-07
2.3067267267e+11	3.9306123677e-07
2.3078478478e+11	4.0608294039e-07
2.3089689690e+11	4.1909839652e-07
2.3100900901e+11	4.3210760334e-07
2.3112112112e+11	4.4511055904e-07
2.3123323323e+11	4.5810726181e-07
2.3134534535e+11	4.7111070609e-07
2.3145745746e+11	4.8413866754e-07
2.3156956957e+11	4.9768100965e-07
2.3168168168e+11	5.1138235246e-07
2.3179379379e+11	5.2511448712e-07
2.3190590591e+11	5.3887744496e-07
2.3201801802e+11	5.5499327273e-07
2.3213013013e+11	5.8328545937e-07
2.3224224224e+11	6.1164200281e-07
2.3235435435e+11	6.4006296871e-07
2.3246646647e+11	6.6854842277e-07
2.3257857858e+11	6.9709843072e-07
2.3269069069e+11	7.2571305832e-07
2.3280280280e+11	7.5439237139e-07
2.3291491491e+11	7.8304005580e-07
2.3302702703e+11	8.1148791060e-07
2.3313913914e+11	8.3920526426e-07
2.3325125125e+11	8.6691088912e-07
2.3336336336e+11	8.9460476676e-07
2.3347547548e+11	9.2228687874e-07
2.3358758759e+11	9.4995720664e-07
2.3369969970e+11	9.7761573203e-07
2.3381181181e+11	1.0052624365e-06
2.3392392392e+11	1.0328973016e-06
2.3403603604e+11	1.0724300059e-06
2.3414814815e+11	1.1370832844e-06
2.3426026026e+11	1.2017091456e-06
2.3437237237e+11	1.2663075467e-06
2.3448448448e+11	1.3308982465e-06
2.3459659660e+11	1.3953213047e-06
2.3470870871e+11	1.4596181815e-06
2.3482082082e+11	1.5238686545e-06
2.3493293293e+11	1.5880727123e-06
2.3504504505e+11	1.6522303436e-06
2.3515715716e+11	1.7163415371e-06
2.3526926927e+11	1.7804062813e-06
2.3538138138e+11	1.8444245649e-06
2.3549349349e+11	1.9083963767e-06
2.3560560561e+11	1.9723217053e-06
2.3571771772e+11	2.0362005393e-06
2.3582982983e+11	2.1000328674e-06
2.3594194194e+11	2.1637957927e-06
2.3605405405e+11	2.2770964096e-06
2.3616616617e+11	2.4438245899e-06
2.3627827828e+11	2.6104545359e-06
2.3639039039e+11	2.7769861778e-06
2.3650250250e+11	2.9434194463e-06
2.3661461461e+11	3.1097542715e-06
2.3672672673e+11	3.2759905840e-06
2.3683883884e+11	3.4421283142e-06
2.3695095095e+11	3.6081673926e-06
2.3706306306e+11	3.7741077495e-06
2.3717517518e+11	3.9399493153e-06
2.3728728729e+11	4.1056920206e-06
2.3739939940e+11	4.2713357958e-06
2.3751151151e+11	4.4364381519e-06
2.3762362362e+11	4.5999346179e-06
2.3773573574e+11	4.7617154353e-06
2.3784784785e+11	4.9231578639e-06
2.3795995996e+11	5.0842622501e-06
2.3807207207e+11	5.4615776297e-06
2.3818418418e+11	5.9582922107e-06
2.3829629630e+11	6.4539785944e-06
2.3840840841e+11	6.9486378314e-06
2.3852052052e+11	7.4422709718e-06
2.3863263263e+11	7.9348790650e-06
2.3874474474e+11	8.4264631600e-06
2.3885685686e+11	8.9170243052e-06
2.3896896897e+11	9.4065635486e-06
2.3908108108e+11	9.8958129949e-06
2.3919319319e+11	1.0384154103e-05
2.3930530531e+11	1.0871549659e-05
2.3941741742e+11	1.1357995039e-05
2.3952952953e+11	1.1843490081e-05
2.3964164164e+11	1.2328034626e-05
2.3975375375e+11	1.2811628515e-05
2.3986586587e+11	1.3294271594e-05
2.3997797798e+11	1.3775963711e-05
2.4009009009e+11	1.5281812424e-05
2.4020220220e+11	1.7035079933e-05
2.4031431431e+11	1.8784942926e-05
2.4042642643e+11	2.0531400846e-05
2.4053853854e+11	2.2275239517e-05
2.4065065065e+11	2.4021841701e-05
2.4076276276e+11	2.5777029808e-05
2.4087487487e+11	2.7531326184e-05
2.4098698699e+11	2.9284730982e-05
2.4109909910e+11	3.1037244354e-05
2.4121121121e+11	3.2788866454e-05
2.4132332332e+11	3.4539597434e-05
2.4143543544e+11	3.6289437446e-05
2.4154754755e+11	3.8038386645e-05
2.4165965966e+11	3.9786445183e-05
2.4177177177e+11	4.1533613212e-05
2.4188388388e+11	4.3279890885e-05
2.4199599600e+11	4.5025278356e-05
2.4210810811e+11	5.0571924501e-05
2.4222022022e+11	5.6266747402e-05
2.4233233233e+11	6.1964901371e-05
2.4244444444e+11	6.7663324486e-05
2.4255655656e+11	7.3362006103e-05
2.4266866867e+11	7.9060935569e-05
2.4278078078e+11	8.4760102224e-05
2.4289289289e+11	9.0459495400e-05
2.4300500501e+11	9.6159104422e-05
2.4311711712e+11	1.0185891861e-04
2.4322922923e+11	1.0755892726e-04
2.4334134134e+11	1.1325911968e-04
2.4345345345e+11	1.1895948517e-04
2.4356556557e+11	1.2466001301e-04
2.4367767768e+11	1.3035228248e-04
2.4378978979e+11	1.3597025820e-04
2.4390190190e+11	1.4158155864e-04
2.4401401401e+11	1.4791217599e-04
2.4412612613e+11	1.5931421453e-04
2.4423823824e+11	1.7070275691e-04
2.4435035035e+11	1.8207780661e-04
2.4446246246e+11	1.9343936709e-04
2.4457457457e+11	2.0478744184e-04
2.4468668669e+11	2.1612203432e-04
2.4479879880e+11	2.2744314800e-04
2.4491091091e+11	2.3875078637e-04
2.4502302302e+11	2.5004495289e-04
2.4513513514e+11	2.6129810427e-04
2.4524724725e+11	2.7257391916e-04
2.4535935936e+11	2.8392037541e-04
2.4547147147e+11	2.9526086295e-04
2.4558358358e+11	3.0659538187e-04
2.4569569570e+11	3.1792393227e-04
2.4580780781e+11	3.2924651423e-04
2.4591991992e+11	3.4056312784e-04
2.4603203203e+11	3.5614098014e-04
2.4614414414e+11	3.8237585433e-04
2.4625625626e+11	4.0859694027e-04
2.4636836837e+11	4.3480423818e-04
2.4648048048e+11	4.6099774826e-04
2.4659259259e+11	4.8717747071e-04
2.4670470470e+11	5.1335236872e-04
2.4681681682e+11	5.3986135485e-04
2.4692892893e+11	5.6640561673e-04
2.4704104104e+11	5.9297188976e-04
2.4715315315e+11	6.1956013917e-04
2.4726526527e+11	6.4617033022e-04
2.4737737738e+11	6.7280242816e-04
2.4748948949e+11	6.9945639825e-04
2.4760160160e+11	7.2613220576e-04
2.4771371371e+11	7.5282981597e-04
2.4782582583e+11	7.7954919417e-04
2.4793793794e+11	8.0629030565e-04
2.4805005005e+11	8.5923135568e-04
2.4816216216e+11	9.4469097592e-04
2.4827427427e+11	1.0300038289e-03
2.4838638639e+11	1.1148203550e-03
2.4849849850e+11	1.1995907691e-03
2.4861061061e+11	1.2843150742e-03
2.4872272272e+11	1.3689932735e-03
2.4883483483e+11	1.4536253698e-03
2.4894694695e+11	1.5382113662e-03
2.4905905906e+11	1.6227512657e-03
2.4917117117e+11	1.7072450714e-03
2.4928328328e+11	1.7916927862e-03
2.4939539540e+11	1.8760944133e-03
2.4950750751e+11	1.9604499557e-03
2.4961961962e+11	2.0447594163e-03
2.4973173173e+11	2.1289529862e-03
2.4984384384e+11	2.2126422578e-03
2.4995595596e+11	2.2961603497e-03
2.5006806807e+11	2.5418252367e-03
2.5018018018e+11	2.8921410732e-03
2.5029229229e+11	3.2420719528e-03
2.5040440440e+11	3.5916178508e-03
2.5051651652e+11	3.9407787433e-03
2.5062862863e+11	4.2895546064e-03
2.5074074074e+11	4.6379454168e-03
2.5085285285e+11	4.9859511515e-03
2.5096496496e+11	5.3335717878e-03
2.5107707708e+11	5.6808073036e-03
2.5118918919e+11	6.0276576768e-03
2.5130130130e+11	6.3746279381e-03
2.5141341341e+11	6.7209498354e-03
2.5152552553e+11	7.0669101779e-03
2.5163763764e+11	7.4125091463e-03
2.5174974975e+11	7.7577469211e-03
2.5186186186e+11	8.1026236828e-03
2.5197397397e+11	8.4471396118e-03
2.5208608609e+11	1.0470992758e-02
2.5219819820e+11	1.3000293176e-02
2.5231031031e+11	1.5526962796e-02
2.5242242242e+11	1.8051002931e-02
2.5253453453e+11	2.0572414894e-02
2.5264664665e+11	2.3091199998e-02
2.5275875876e+11	2.5607492719e-02
2.5287087087e+11	2.8110527969e-02
2.5298298298e+11	3.0596497458e-02
2.5309509510e+11	3.3075904362e-02
2.5320720721e+11	3.5548754213e-02
2.5331931932e+11	3.8015052547e-02
2.5343143143e+11	4.0474804904e-02
2.5354354354e+11	4.2928016831e-02
2.5365565566e+11	4.5374693874e-02
2.5376776777e+11	4.7814841587e-02
2.5387987988e+11	5.0248465525e-02
2.5399199199e+11	5.2675571250e-02
2.5410410410e+11	6.9851123726e-02
2.5421621622e+11	8.8114880159e-02
2.5432832833e+11	1.0632665842e-01
2.5444044044e+11	1.2453436466e-01
2.5455255255e+11	1.4270593887e-01
2.5466466466e+11	1.6084140678e-01
2.5477677678e+11	1.7894079415e-01
2.5488888889e+11	1.9700412669e-01
2.5500100100e+11	2.1503143016e-01
2.5511311311e+11	2.3302273028e-01
2.5522522523e+11	2.5097805278e-01
2.5533733734e+11	2.6889742339e-01
2.5544944945e+11	2.8678086783e-01
2.5556156156e+11	3.0462841181e-01
2.5567367367e+11	3.2244008105e-01
2.5578578579e+11	3.4021590127e-01
2.5589789790e+11	3.5803413148e-01
2.5601001001e+11	3.7482386656e-01
2.5612212212e+11	3.7964274121e-01
2.5623423423e+11	3.8445834123e-01
2.5634634635e+11	3.8927066173e-01
2.5645845846e+11	3.9407969781e-01
2.5657057057e+11	3.9888544459e-01
2.5668268268e+11	4.0368789721e-01
2.5679479479e+11	4.0848705080e-01
2.5690690691e+11	4.1328290052e-01
2.5701901902e+11	4.1807544152e-01
2.5713113113e+11	4.2286466896e-01
2.5724324324e+11	4.2765057803e-01
2.5735535536e+11	4.3243528195e-01
2.5746746747e+11	4.3763014382e-01
2.5757957958e+11	4.4287892363e-01
2.5769169169e+11	4.4813495663e-01
2.5780380380e+11	4.5339824353e-01
2.5791591592e+11	4.5866878500e-01
2.5802802803e+11	4.6350304880e-01
2.5814014014e+11	4.6701234679e-01
2.5825225225e+11	4.7052630441e-01
2.5836436436e+11	4.7404492210e-01
2.5847647648e+11	4.7756820027e-01
2.5858858859e+11	4.8109613933e-01
2.5870070070e+11	4.8462873971e-01
2.5881281281e+11	4.8816600182e-01
2.5892492492e+11	4.9157546592e-01
2.5903703704e+11	4.9466265443e-01
2.5914914915e+11	4.9774837148e-01
2.5926126126e+11	5.0083261313e-01
2.5937337337e+11	5.0391537543e-01
2.5948548549e+11	5.0699665444e-01
2.5959759760e+11	5.1007644621e-01
2.5970970971e+11	5.1315474680e-01
2.5982182182e+11	5.1623155226e-01
2.5993393393e+11	5.1930685865e-01
2.6004604605e+11	5.2214076557e-01
2.6015815816e+11	5.2462913368e-01
2.6027027027e+11	5.2711622881e-01
2.6038238238e+11	5.2960204773e-01
2.6049449449e+11	5.3216497943e-01
2.6060660661e+11	5.3475852859e-01
2.6071871872e+11	5.3735193922e-01
2.6083083083e+11	5.3994520929e-01
2.6094294294e+11	5.4253833679e-01
2.6105505506e+11	5.4513131970e-01
2.6116716717e+11	5.4772415601e-01
2.6127927928e+11	5.5031684370e-01
2.6139139139e+11	5.5290938074e-01
2.6150350350e+11	5.5550176514e-01
2.6161561562e+11	5.5809399487e-01
2.6172772773e+11	5.6068606793e-01
2.6183983984e+11	5.6327798229e-01
2.6195195195e+11	5.6585790266e-01
2.6206406406e+11	5.6815319568e-01
2.6217617618e+11	5.7027102614e-01
2.6228828829e+11	5.7238816747e-01
2.6240040040e+11	5.7450461736e-01
2.6251251251e+11	5.7662037353e-01
2.6262462462e+11	5.7873543367e-01
2.6273673674e+11	5.8084979548e-01
2.6284884885e+11	5.8296345668e-01
2.6296096096e+11	5.8507641498e-01
2.6307307307e+11	5.8718866808e-01
2.6318518519e+11	5.8930021370e-01
2.6329729730e+11	5.9141104954e-01
2.6340940941e+11	5.9352117333e-01
2.6352152152e+11	5.9550586932e-01
2.6363363363e+11	5.9741380088e-01
2.6374574575e+11	5.9931984360e-01
2.6385785786e+11	6.0122399825e-01
2.6396996997e+11	6.0312626556e-01
2.6408208208e+11	6.0467495237e-01
2.6419419419e+11	6.0609345952e-01
2.6430630631e+11	6.0751051404e-01
2.6441841842e+11	6.0892611653e-01
2.6453053053e+11	6.1034026755e-01
2.6464264264e+11	6.1175296769e-01
2.6475475475e+11	6.1316421754e-01
2.6486686687e+11	6.1457401767e-01
2.6497897898e+11	6.1598236865e-01
2.6509109109e+11	6.1772356436e-01
2.6520320320e+11	6.1951397653e-01
2.6531531532e+11	6.2130488123e-01
2.6542742743e+11	6.2309627779e-01
2.6553953954e+11	6.2488816558e-01
2.6565165165e+11	6.2668054395e-01
2.6576376376e+11	6.2847341224e-01
2.6587587588e+11	6.3026676981e-01
2.6598798799e+11	6.3206061600e-01
2.6610010010e+11	6.3336547184e-01
2.6621221221e+11	6.3461190348e-01
2.6632432432e+11	6.3585863802e-01
2.6643643644e+11	6.3710567501e-01
2.6654854855e+11	6.3826159419e-01
2.6666066066e+11	6.3915196853e-01
2.6677277277e+11	6.4004141496e-01
2.6688488488e+11	6.4092993332e-01
2.6699699700e+11	6.4181752346e-01
2.6710910911e+11	6.4270418522e-01
2.6722122122e+11	6.4358991845e-01
2.6733333333e+11	6.4447472299e-01
2.6744544545e+11	6.4535859870e-01
2.6755755756e+11	6.4624154541e-01
2.6766966967e+11	6.4712356297e-01
2.6778178178e+11	6.4800465124e-01
2.6789389389e+11	6.4888481006e-01
2.6800600601e+11	6.4973507020e-01
2.6811811812e+11	6.5029539273e-01
2.6823023023e+11	6.5074503595e-01
2.6834234234e+11	6.5119418748e-01
2.6845445445e+11	6.5164284667e-01
2.6856656657e+11	6.5209101282e-01
2.6867867868e+11	6.5253868528e-01
2.6879079079e+11	6.5298586336e-01
2.6890290290e+11	6.5343254640e-01
2.6901501502e+11	6.5387873370e-01
2.6912712713e+11	6.5432442461e-01
2.6923923924e+11	6.5476961844e-01
2.6935135135e+11	6.5521431453e-01
2.6946346346e+11	6.5565851218e-01
2.6957557558e+11	6.5617318270e-01
2.6968768769e+11	6.5705140312e-01
2.6979979980e+11	6.5796599105e-01
2.6991191191e+11	6.5888102192e-01
2.7002402402e+11	6.5969945288e-01
2.7013613614e+11	6.6016223551e-01
2.7024824825e+11	6.6062501707e-01
2.7036036036e+11	6.6108779719e-01
2.7047247247e+11	6.6155057551e-01
2.7058458458e+11	6.6201335168e-01
2.7069669670e+11	6.6247612532e-01
2.7080880881e+11	6.6293889607e-01
2.7092092092e+11	6.6340166357e-01
2.7103303303e+11	6.6386442746e-01
2.7114514515e+11	6.6408371535e-01
2.7125725726e+11	6.6433074781e-01
2.7136936937e+11	6.6457772151e-01
2.7148148148e+11	6.6482463643e-01
2.7159359359e+11	6.6507149251e-01
2.7170570571e+11	6.6531828972e-01
2.7181781782e+11	6.6556502802e-01
2.7192992993e+11	6.6581170736e-01
2.7204204204e+11	6.6593980187e-01
2.7215415415e+11	6.6587022566e-01
2.7226626627e+11	6.6580049070e-01
2.7237837838e+11	6.6573059708e-01
2.7249049049e+11	6.6566054493e-01
2.7260260260e+11	6.6555916789e-01
2.7271471471e+11	6.6459760333e-01
2.7282682683e+11	6.6348624176e-01
2.7293893894e+11	6.6237633902e-01
2.7305105105e+11	6.6126789368e-01
2.7316316316e+11	6.6016090434e-01
2.7327527528e+11	6.5905536959e-01
2.7338738739e+11	6.5795128802e-01
2.7349949950e+11	6.5684865823e-01
2.7361161161e+11	6.5574747882e-01
2.7372372372e+11	6.5464774837e-01
2.7383583584e+11	6.5354946549e-01
2.7394794795e+11	6.5245262877e-01
2.7406006006e+11	6.5129071468e-01
2.7417217217e+11	6.5025417456e-01
2.7428428428e+11	6.4936001059e-01
2.7439639640e+11	6.4843814837e-01
2.7450850851e+11	6.4751708093e-01
2.7462062062e+11	6.4659680812e-01
2.7473273273e+11	6.4567732978e-01
2.7484484484e+11	6.4475864572e-01
2.7495695696e+11	6.4384075580e-01
2.7506906907e+11	6.4292365983e-01
2.7518118118e+11	6.4200735766e-01
2.7529329329e+11	6.4109184912e-01
2.7540540541e+11	6.4017713404e-01
2.7551751752e+11	6.3926321225e-01
2.7562962963e+11	6.3835008358e-01
2.7574174174e+11	6.3768007354e-01
2.7585385385e+11	6.3734205398e-01
2.7596596597e+11	6.3700401080e-01
2.7607807808e+11	6.3672264356e-01
2.7619019019e+11	6.3646595799e-01
2.7630230230e+11	6.3620923724e-01
2.7641441441e+11	6.3595248141e-01
2.7652652653e+11	6.3569569061e-01
2.7663863864e+11	6.3543886492e-01
2.7675075075e+11	6.3518200444e-01
2.7686286286e+11	6.3492510928e-01
2.7697497497e+11	6.3466817952e-01
2.7708708709e+11	6.3441121527e-01
2.7719919920e+11	6.3399254212e-01
2.7731131131e+11	6.3321229524e-01
2.7742342342e+11	6.3248871468e-01
2.7753553554e+11	6.3176548357e-01
2.7764764765e+11	6.3104260214e-01
2.7775975976e+11	6.3032007058e-01
2.7787187187e+11	6.2959788913e-01
2.7798398398e+11	6.2887605797e-01
2.7809609610e+11	6.2835313253e-01
2.7820820821e+11	6.2786329921e-01
2.7832032032e+11	6.2737343869e-01
2.7843243243e+11	6.2688355119e-01
2.7854454454e+11	6.2639363692e-01
2.7865665666e+11	6.2590369612e-01
2.7876876877e+11	6.2571934083e-01
2.7888088088e+11	6.2550775052e-01
2.7899299299e+11	6.2524008739e-01
2.7910510511e+11	6.2497246753e-01
2.7921721722e+11	6.2470489095e-01
2.7932932933e+11	6.2443735765e-01
2.7944144144e+11	6.2416986761e-01
2.7955355355e+11	6.2390242086e-01
2.7966566567e+11	6.2363501737e-01
2.7977777778e+11	6.2336765717e-01
2.7988988989e+11	6.2310034024e-01
2.8000200200e+11	6.2283829102e-01
2.8011411411e+11	6.2286349019e-01
2.8022622623e+11	6.2293001620e-01
2.8033833834e+11	6.2327174883e-01
2.8045045045e+11	6.2326591373e-01
2.8056256256e+11	6.2325933639e-01
2.8067467467e+11	6.2325201602e-01
2.8078678679e+11	6.2324395185e-01
2.8089889890e+11	6.2323514310e-01
2.8101101101e+11	6.2322558899e-01
2.8112312312e+11	6.2321528876e-01
2.8123523524e+11	6.2320424163e-01
2.8134734735e+11	6.2319244681e-01
2.8145945946e+11	6.2317990353e-01
2.8157157157e+11	6.2316661102e-01
2.8168368368e+11	6.2315256849e-01
2.8179579580e+11	6.2305539263e-01
2.8190790791e+11	6.2291387177e-01
2.8202002002e+11	6.2285392192e-01
2.8213213213e+11	6.2298870278e-01
2.8224424424e+11	6.2312256717e-01
2.8235635636e+11	6.2325551463e-01
2.8246846847e+11	6.2338754473e-01
2.8258058058e+11	6.2351865703e-01
2.8269269269e+11	6.2364885110e-01
2.8280480480e+11	6.2377812648e-01
2.8291691692e+11	6.2390648274e-01
2.8302902903e+11	6.2403391944e-01
2.8314114114e+11	6.2416043614e-01
2.8325325325e+11	6.2428603239e-01
2.8336536537e+11	6.2419289806e-01
2.8347747748e+11	6.2419766054e-01
2.8358958959e+11	6.2423932583e-01
2.8370170170e+11	6.2428019942e-01
2.8381381381e+11	6.2432028166e-01
2.8392592593e+11	6.2435957289e-01
2.8403803804e+11	6.2441188108e-01
2.8415015015e+11	6.2449024340e-01
2.8426226226e+11	6.2456774992e-01
2.8437437437e+11	6.2464440101e-01
2.8448648649e+11	6.2472019702e-01
2.8459859860e+11	6.2479513833e-01
2.8471071071e+11	6.2486922529e-01
2.8482282282e+11	6.2507101198e-01
2.8493493493e+11	6.2547390965e-01
2.8504704705e+11	6.2568002885e-01
2.8515915916e+11	6.2588507451e-01
2.8527127127e+11	6.2608904548e-01
2.8538338338e+11	6.2629194061e-01
2.8549549550e+11	6.2649375877e-01
2.8560760761e+11	6.2669449879e-01
2.8571971972e+11	6.2689415955e-01
2.8583183183e+11	6.2709273988e-01
2.8594394394e+11	6.2729023865e-01
2.8605605606e+11	6.2737763758e-01
2.8616816817e+11	6.2735513436e-01
2.8628028028e+11	6.2733181156e-01
2.8639239239e+11	6.2724016395e-01
2.8650450450e+11	6.2702813944e-01
2.8661661662e+11	6.2667316394e-01
2.8672872873e+11	6.2631695409e-01
2.8684084084e+11	6.2595950939e-01
2.8695295295e+11	6.2560082940e-01
2.8706506507e+11	6.2524091364e-01
2.8717717718e+11	6.2487976165e-01
2.8728928929e+11	6.2451737297e-01
2.8740140140e+11	6.2415374712e-01
2.8751351351e+11	6.2378888364e-01
2.8762562563e+11	6.2342278208e-01
2.8773773774e+11	6.2305544197e-01
2.8784984985e+11	6.2252635034e-01
2.8796196196e+11	6.2136608850e-01
2.8807407407e+11	6.2010140222e-01
2.8818618619e+11	6.1876118717e-01
2.8829829830e+11	6.1742260251e-01
2.8841041041e+11	6.1608564779e-01
2.8852252252e+11	6.1475032254e-01
2.8863463463e+11	6.1341662632e-01
2.8874674675e+11	6.1208455866e-01
2.8885885886e+11	6.1075411911e-01
2.8897097097e+11	6.0942530721e-01
2.8908308308e+11	6.0809812249e-01
2.8919519520e+11	6.0677256450e-01
2.8930730731e+11	6.0544863278e-01
2.8941941942e+11	6.0398342128e-01
2.8953153153e+11	6.0244891434e-01
2.8964364364e+11	6.0108136343e-01
2.8975575576e+11	5.9971597854e-01
2.8986786787e+11	5.9835275758e-01
2.8997997998e+11	5.9699169847e-01
2.9009209209e+11	5.9534949410e-01
2.9020420420e+11	5.9364929396e-01
2.9031631632e+11	5.9195282114e-01
2.9042842843e+11	5.9026006979e-01
2.9054054054e+11	5.8857103407e-01
2.9065265265e+11	5.8688570817e-01
2.9076476476e+11	5.8520408624e-01
2.9087687688e+11	5.8356063629e-01
2.9098898899e+11	5.8285402785e-01
2.9110110110e+11	5.8204593560e-01
2.9121321321e+11	5.8110085902e-01
2.9132532533e+11	5.8015619953e-01
2.9143743744e+11	5.7921195765e-01
2.9154954955e+11	5.7826813391e-01
2.9166166166e+11	5.7732472883e-01
2.9177377377e+11	5.7638174295e-01
2.9188588589e+11	5.7543917678e-01
2.9199799800e+11	5.7449703085e-01
2.9211011011e+11	5.7325239006e-01
2.9222222222e+11	5.7200331246e-01
2.9233433433e+11	5.7075531245e-01
2.9244644645e+11	5.6955339401e-01
2.9255855856e+11	5.6840664436e-01
2.9267067067e+11	5.6705313796e-01
2.9278278278e+11	5.6563564321e-01
2.9289489489e+11	5.6421897882e-01
2.9300700701e+11	5.6280314902e-01
2.9311911912e+11	5.6138815808e-01
2.9323123123e+11	5.5997401022e-01
2.9334334334e+11	5.5856070969e-01
2.9345545546e+11	5.5714826073e-01
2.9356756757e+11	5.5573666755e-01
2.9367967968e+11	5.5432593437e-01
2.9379179179e+11	5.5291606542e-01
2.9390390390e+11	5.5150706489e-01
2.9401601602e+11	5.4944171534e-01
2.9412812813e+11	5.4710827871e-01
2.9424024024e+11	5.4473967912e-01
2.9435235235e+11	5.4237795281e-01
2.9446446446e+11	5.4002308823e-01
2.9457657658e+11	5.3767507386e-01
2.9468868869e+11	5.3533389818e-01
2.9480080080e+11	5.3299954969e-01
2.9491291291e+11	5.3067201689e-01
2.9502502503e+11	5.2835128829e-01
2.9513713714e+11	5.2603735242e-01
2.9524924925e+11	5.2373019781e-01
2.9536136136e+11	5.2142981300e-01
2.9547347347e+11	5.1923177628e-01
2.9558558559e+11	5.1727892052e-01
2.9569769770e+11	5.1534766828e-01
2.9580980981e+11	5.1344322364e-01
2.9592192192e+11	5.1154259443e-01
2.9603403403e+11	5.0958084265e-01
2.9614614615e+11	5.0747453515e-01
2.9625825826e+11	5.0537296780e-01
2.9637037037e+11	5.0327613954e-01
2.9648248248e+11	5.0118404926e-01
2.9659459459e+11	4.9909669586e-01
2.9670670671e+11	4.9701407824e-01
2.9681881882e+11	4.9493619527e-01
2.9693093093e+11	4.9286304582e-01
2.9704304304e+11	4.9075874984e-01
2.9715515516e+11	4.8864425097e-01
2.9726726727e+11	4.8637784348e-01
2.9737937938e+11	4.8407079705e-01
2.9749149149e+11	4.8176990102e-01
2.9760360360e+11	4.7947515191e-01
2.9771571572e+11	4.7718654625e-01
2.9782782783e+11	4.7490408054e-01
2.9793993994e+11	4.7262775127e-01
2.9805205205e+11	4.7022268640e-01
2.9816416416e+11	4.6766931390e-01
2.9827627628e+11	4.6512367844e-01
2.9838838839e+11	4.6258577500e-01
2.9850050050e+11	4.6005327488e-01
2.9861261261e+11	4.5751115499e-01
2.9872472472e+11	4.5493919550e-01
2.9883683684e+11	4.5206189927e-01
2.9894894895e+11	4.4919477794e-01
2.9906106106e+11	4.4633782267e-01
2.9917317317e+11	4.4349102463e-01
2.9928528529e+11	4.4065437494e-01
2.9939739740e+11	4.3782786474e-01
2.9950950951e+11	4.3501148513e-01
2.9962162162e+11	4.3220522719e-01
2.9973373373e+11	4.2940908200e-01
2.9984584585e+11	4.2662304061e-01
2.9995795796e+11	4.2384709408e-01
3.0007007007e+11	4.2102862380e-01
3.0018218218e+11	4.1818824313e-01
3.0029429429e+11	4.1525292145e-01
3.0040640641e+11	4.1219702765e-01
3.0051851852e+11	4.0915336361e-01
3.0063063063e+11	4.0612192024e-01
3.0074274274e+11	4.0310268840e-01
3.0085485485e+11	4.0009565895e-01
3.0096696697e+11	3.9710082269e-01
3.0107907908e+11	3.9411817037e-01
3.0119119119e+11	3.9114769274e-01
3.0130330330e+11	3.8818938049e-01
3.0141541542e+11	3.8524322429e-01
3.0152752753e+11	3.8230921476e-01
3.0163963964e+11	3.7898706609e-01
3.0175175175e+11	3.7566232165e-01
3.0186386386e+11	3.7218279075e-01
3.0197597598e+11	3.6867472846e-01
3.0208808809e+11	3.6528836056e-01
3.0220020020e+11	3.6194860004e-01
3.0231231231e+11	3.5862763229e-01
3.0242442442e+11	3.5532540662e-01
3.0253653654e+11	3.5204187234e-01
3.0264864865e+11	3.4877697877e-01
3.0276076076e+11	3.4553067525e-01
3.0287287287e+11	3.4230291111e-01
3.0298498498e+11	3.3909363573e-01
3.0309709710e+11	3.3600781517e-01
3.0320920921e+11	3.3311878786e-01
3.0332132132e+11	3.3019673082e-01
3.0343343343e+11	3.2693451693e-01
3.0354554555e+11	3.2368899176e-01
3.0365765766e+11	3.2046012542e-01
3.0376976977e+11	3.1724788804e-01
3.0388188188e+11	3.1405224974e-01
3.0399399399e+11	3.1087318068e-01
3.0410610611e+11	3.0792436425e-01
3.0421821822e+11	3.0500094764e-01
3.0433033033e+11	3.0209072285e-01
3.0444244244e+11	2.9919366723e-01
3.0455455455e+11	2.9630975815e-01
3.0466666667e+11	2.9371646210e-01
3.0477877878e+11	2.9120744328e-01
3.0489089089e+11	2.8858704616e-01
3.0500300300e+11	2.8583131642e-01
3.0511511512e+11	2.8308318852e-01
3.0522722723e+11	2.8034267781e-01
3.0533933934e+11	2.7760979964e-01
3.0545145145e+11	2.7488456932e-01
3.0556356356e+11	2.7216700217e-01
3.0567567568e+11	2.6945711346e-01
3.0578778779e+11	2.6675491846e-01
3.0589989990e+11	2.6406043240e-01
3.0601201201e+11	2.6140213813e-01
3.0612412412e+11	2.5889416004e-01
3.0623623624e+11	2.5602403050e-01
3.0634834835e+11	2.5316640350e-01
3.0646046046e+11	2.5019482716e-01
3.0657257257e+11	2.4720267952e-01
3.0668468468e+11	2.4422383355e-01
3.0679679680e+11	2.4125826727e-01
3.0690890891e+11	2.3830595864e-01
3.0702102102e+11	2.3536688563e-01
3.0713313313e+11	2.3244102617e-01
3.0724524525e+11	2.2952835818e-01
3.0735735736e+11	2.2662885953e-01
3.0746946947e+11	2.2374250811e-01
3.0758158158e+11	2.2086928174e-01
3.0769369369e+11	2.1783617583e-01
3.0780580581e+11	2.1471409294e-01
3.0791791792e+11	2.1160006607e-01
3.0803003003e+11	2.0849168878e-01
3.0814214214e+11	2.0559371180e-01
3.0825425425e+11	2.0270939287e-01
3.0836636637e+11	1.9983870508e-01
3.0847847848e+11	1.9698162153e-01
3.0859059059e+11	1.9413811537e-01
3.0870270270e+11	1.9130815974e-01
3.0881481481e+11	1.8849172784e-01
3.0892692693e+11	1.8568879285e-01
3.0903903904e+11	1.8289932801e-01
3.0915115115e+11	1.8012895872e-01
3.0926326326e+11	1.7754075632e-01
3.0937537538e+11	1.7496102469e-01
3.0948748749e+11	1.7242077741e-01
3.0959959960e+11	1.6992496648e-01
3.0971171171e+11	1.6743735698e-01
3.0982382382e+11	1.6495794145e-01
3.0993593594e+11	1.6248671241e-01
3.1004804805e+11	1.6012931625e-01
3.1016016016e+11	1.5791557569e-01
3.1027227227e+11	1.5570248612e-01
3.1038438438e+11	1.5349007678e-01
3.1049649650e+11	1.5127837688e-01
3.1060860861e+11	1.4906741560e-01
3.1072072072e+11	1.4688660866e-01
3.1083283283e+11	1.4474135823e-01
3.1094494494e+11	1.4259499480e-01
3.1105705706e+11	1.4064682767e-01
3.1116916917e+11	1.3874806065e-01
3.1128128128e+11	1.3684831200e-01
3.1139339339e+11	1.3494760702e-01
3.1150550551e+11	1.3304597099e-01
3.1161761762e+11	1.3114342923e-01
3.1172972973e+11	1.2924000705e-01
3.1184184184e+11	1.2733572979e-01
3.1195395395e+11	1.2543062279e-01
3.1206606607e+11	1.2364945535e-01
3.1217817818e+11	1.2194877662e-01
3.1229029029e+11	1.2022531204e-01
3.1240240240e+11	1.1849220242e-01
3.1251451451e+11	1.1678404924e-01
3.1262662663e+11	1.1527628389e-01
3.1273873874e+11	1.1376215492e-01
3.1285085085e+11	1.1224170955e-01
3.1296296296e+11	1.1071499499e-01
3.1307507508e+11	1.0918205839e-01
3.1318718719e+11	1.0764294691e-01
3.1329929930e+11	1.0609770765e-01
3.1341141141e+11	1.0454638770e-01
3.1352352352e+11	1.0298903412e-01
3.1363563564e+11	1.0142569392e-01
3.1374774775e+11	9.9845540570e-02
3.1385985986e+11	9.8232487642e-02
3.1397197197e+11	9.6614857539e-02
3.1408408408e+11	9.5213427118e-02
3.1419619620e+11	9.3972354491e-02
3.1430830831e+11	9.2722741897e-02
3.1442042042e+11	9.1464658436e-02
3.1453253253e+11	9.0198173045e-02
3.1464464464e+11	8.8923354503e-02
3.1475675676e+11	8.7640271424e-02
3.1486886887e+11	8.6348992262e-02
3.1498098098e+11	8.5049585309e-02
3.1509309309e+11	8.3742118697e-02
3.1520520521e+11	8.2426660395e-02
3.1531731732e+11	8.1145082997e-02
3.1542942943e+11	7.9872180645e-02
3.1554154154e+11	7.8589576790e-02
3.1565365365e+11	7.7520515518e-02
3.1576576577e+11	7.6496613129e-02
3.1587787788e+11	7.5464741958e-02
3.1598998999e+11	7.4424940147e-02
3.1610210210e+11	7.3369036961e-02
3.1621421421e+11	7.2304791316e-02
3.1632632633e+11	7.1233059778e-02
3.1643843844e+11	7.0153879278e-02
3.1655055055e+11	6.9067286737e-02
3.1666266266e+11	6.7973319062e-02
3.1677477477e+11	6.6867367903e-02
3.1688688689e+11	6.5718682472e-02
3.1699899900e+11	6.4564093676e-02
3.1711111111e+11	6.3434524935e-02
3.1722322322e+11	6.2483860334e-02
3.1733533534e+11	6.1528270216e-02
3.1744744745e+11	6.0567796349e-02
3.1755955956e+11	5.9602480416e-02
3.1767167167e+11	5.8632364021e-02
3.1778378378e+11	5.7657488685e-02
3.1789589590e+11	5.6677895847e-02
3.1800800801e+11	5.5682748256e-02
3.1812012012e+11	5.4545033450e-02
3.1823223223e+11	5.3409214922e-02
3.1834434434e+11	5.2241442038e-02
3.1845645646e+11	5.1047687130e-02
3.1856856857e+11	4.9858609192e-02
3.1868068068e+11	4.8782562818e-02
3.1879279279e+11	4.7827909448e-02
3.1890490490e+11	4.6876954885e-02
3.1901701702e+11	4.5929698726e-02
3.1912912913e+11	4.4986140525e-02
3.1924124124e+11	4.4046279795e-02
3.1935335335e+11	4.3110116005e-02
3.1946546547e+11	4.2177648583e-02
3.1957757758e+11	4.1248876914e-02
3.1968968969e+11	4.0323800343e-02
3.1980180180e+11	3.9402418170e-02
3.1991391391e+11	3.8512622986e-02
3.2002602603e+11	3.7596718911e-02
3.2013813814e+11	3.6587573760e-02
3.2025025025e+11	3.5752446485e-02
3.2036236236e+11	3.4961364799e-02
3.2047447447e+11	3.4176888849e-02
3.2058658659e+11	3.3398988742e-02
3.2069869870e+11	3.2627634655e-02
3.2081081081e+11	3.1862796840e-02
3.2092292292e+11	3.1104445618e-02
3.2103503504e+11	3.0352551384e-02
3.2114714715e+11	2.9607084605e-02
3.2125925926e+11	2.8868015818e-02
3.2137137137e+11	2.8144808089e-02
3.2148348348e+11	2.7443725143e-02
3.2159559560e+11	2.6747668524e-02
3.2170770771e+11	2.6078822841e-02
3.2181981982e+11	2.5537572684e-02
3.2193193193e+11	2.5000114971e-02
3.2204404404e+11	2.4439837980e-02
3.2215615616e+11	2.3844022329e-02
3.2226826827e+11	2.3254541378e-02
3.2238038038e+11	2.2671372242e-02
3.2249249249e+11	2.2094492069e-02
3.2260460460e+11	2.1523878038e-02
3.2271671672e+11	2.0959507362e-02
3.2282882883e+11	2.0401357289e-02
3.2294094094e+11	1.9844879887e-02
3.2305305305e+11	1.9293571374e-02
3.2316516517e+11	1.8748721109e-02
3.2327727728e+11	1.8242962973e-02
3.2338938939e+11	1.7776997812e-02
3.2350150150e+11	1.7316408100e-02
3.2361361361e+11	1.6861171192e-02
3.2372572573e+11	1.6411264474e-02
3.2383783784e+11	1.5966665371e-02
3.2394994995e+11	1.5527351342e-02
3.2406206206e+11	1.5088485341e-02
3.2417417417e+11	1.4651281968e-02
3.2428628629e+11	1.4219687469e-02
3.2439839840e+11	1.3792752656e-02
3.2451051051e+11	1.3367747058e-02
3.2462262262e+11	1.2948561408e-02
3.2473473473e+11	1.2535165726e-02
3.2484684685e+11	1.2210256306e-02
3.2495895896e+11	1.1906938624e-02
3.2507107107e+11	1.1607523599e-02
3.2518318318e+11	1.1311991366e-02
3.2529529530e+11	1.1020322108e-02
3.2540740741e+11	1.0732496056e-02
3.2551951952e+11	1.0448493491e-02
3.2563163163e+11	1.0168294740e-02
3.2574374374e+11	9.8918801799e-03
3.2585585586e+11	9.6192302342e-03
3.2596796797e+11	9.3458601798e-03
3.2608008008e+11	9.0985095041e-03
3.2619219219e+11	8.8638514136e-03
3.2630430430e+11	8.6457120916e-03
3.2641641642e+11	8.5019510253e-03
3.2652852853e+11	8.3595631570e-03
3.2664064064e+11	8.2185411448e-03
3.2675275275e+11	8.0788776658e-03
3.2686486486e+11	7.9405654157e-03
3.2697697698e+11	7.8035971090e-03
3.2708908909e+11	7.6679654789e-03
3.2720120120e+11	7.5336632773e-03
3.2731331331e+11	7.4006832748e-03
3.2742542543e+11	7.2687154814e-03
3.2753753754e+11	7.1278599933e-03
3.2764964965e+11	6.9886744744e-03
3.2776176176e+11	6.8511465931e-03
3.2787387387e+11	6.7323946813e-03
3.2798598599e+11	6.6321150770e-03
3.2809809810e+11	6.5365244716e-03
3.2821021021e+11	6.4424120164e-03
3.2832232232e+11	6.3492461515e-03
3.2843443443e+11	6.2570205333e-03
3.2854654655e+11	6.1657288430e-03
3.2865865866e+11	6.0753647870e-03
3.2877077077e+11	5.9859220965e-03
3.2888288288e+11	5.8973945280e-03
3.2899499499e+11	5.8055652888e-03
3.2910710711e+11	5.7095555098e-03
3.2921921922e+11	5.6146818971e-03
3.2933133133e+11	5.5209354819e-03
3.2944344344e+11	5.4420467803e-03
3.2955555556e+11	5.3667048372e-03
3.2966766767e+11	5.2921502419e-03
3.2977977978e+11	5.2183772836e-03
3.2989189189e+11	5.1453802762e-03
3.3000400400e+11	5.0727871753e-03
3.3011611612e+11	4.9911807607e-03
3.3022822823e+11	4.9105526386e-03
3.3034034034e+11	4.8308948363e-03
3.3045245245e+11	4.7521994189e-03
3.3056456456e+11	4.6690696751e-03
3.3067667668e+11	4.5861022045e-03
3.3078878879e+11	4.5041653099e-03
3.3090090090e+11	4.4266795909e-03
3.3101301301e+11	4.3665413856e-03
3.3112512513e+11	4.3068700162e-03
3.3123723724e+11	4.2476642787e-03
3.3134934935e+11	4.1889229699e-03
3.3146146146e+11	4.1306448877e-03
3.3157357357e+11	4.0728288307e-03
3.3168568569e+11	4.0154735987e-03
3.3179779780e+11	3.9585779921e-03
3.3190990991e+11	3.9021408125e-03
3.3202202202e+11	3.8447727775e-03
3.3213413413e+11	3.7848701806e-03
3.3224624625e+11	3.7254658459e-03
3.3235835836e+11	3.6665585428e-03
3.3247047047e+11	3.6081470419e-03
3.3258258258e+11	3.5502301147e-03
3.3269469469e+11	3.4928065334e-03
3.3280680681e+11	3.4358750712e-03
3.3291891892e+11	3.3794345023e-03
3.3303103103e+11	3.3234836017e-03
3.3314314314e+11	3.2680211453e-03
3.3325525526e+11	3.2130459099e-03
3.3336736737e+11	3.1585566731e-03
3.3347947948e+11	3.1045522136e-03
3.3359159159e+11	3.0477614989e-03
3.3370370370e+11	2.9900888348e-03
3.3381581582e+11	2.9329898068e-03
3.3392792793e+11	2.8764624613e-03
3.3404004004e+11	2.8242089844e-03
3.3415215215e+11	2.7789977859e-03
3.3426426426e+11	2.7340689603e-03
3.3437637638e+11	2.6894216894e-03
3.3448848849e+11	2.6450551559e-03
3.3460060060e+11	2.6009685436e-03
3.3471271271e+11	2.5571610370e-03
3.3482482482e+11	2.5136318219e-03
3.3493693694e+11	2.4703800848e-03
3.3504904905e+11	2.4275078406e-03
3.3516116116e+11	2.3856975334e-03
3.3527327327e+11	2.3440823390e-03
3.3538538539e+11	2.3026620872e-03
3.3549749750e+11	2.2614366077e-03
3.3560960961e+11	2.2204057302e-03
3.3572172172e+11	2.1795692848e-03
3.3583383383e+11	2.1389271011e-03
3.3594594595e+11	2.0984790093e-03
3.3605805806e+11	2.0623712997e-03
3.3617017017e+11	2.0301103732e-03
3.3628228228e+11	1.9977698831e-03
3.3639439439e+11	1.9653499233e-03
3.3650650651e+11	1.9328505877e-03
3.3661861862e+11	1.9024985047e-03
3.3673073073e+11	1.8740573565e-03
3.3684284284e+11	1.8455210879e-03
3.3695495495e+11	1.8168896867e-03
3.3706706707e+11	1.7881631408e-03
3.3717917918e+11	1.7593414381e-03
3.3729129129e+11	1.7304245664e-03
3.3740340340e+11	1.7014125140e-03
3.3751551552e+11	1.6723052687e-03
3.3762762763e+11	1.6431028188e-03
3.3773973974e+11	1.6138051525e-03
3.3785185185e+11	1.5844122581e-03
3.3796396396e+11	1.5549241238e-03
3.3807607608e+11	1.5250419332e-03
3.3818818819e+11	1.4988665568e-03
3.3830030030e+11	1.4729079807e-03
3.3841241241e+11	1.4469300001e-03
3.3852452452e+11	1.4209327494e-03
3.3863663664e+11	1.3949163630e-03
3.3874874875e+11	1.3688809752e-03
3.3886086086e+11	1.3428267203e-03
3.3897297297e+11	1.3167537325e-03
3.3908508509e+11	1.2906621462e-03
3.3919719720e+11	1.2645520954e-03
3.3930930931e+11	1.2384237143e-03
3.3942142142e+11	1.2122771370e-03
3.3953353353e+11	1.1861124975e-03
3.3964564565e+11	1.1621804918e-03
3.3975775776e+11	1.1422304150e-03
3.3986986987e+11	1.1222413681e-03
3.3998198198e+11	1.1022133780e-03
3.4009409409e+11	1.0811430061e-03
3.4020620621e+11	1.0598848318e-03
3.4031831832e+11	1.0386347878e-03
3.4043043043e+11	1.0173928740e-03
3.4054254254e+11	9.9615909041e-04
3.4065465465e+11	9.7493343694e-04
3.4076676677e+11	9.5371591355e-04
3.4087887888e+11	9.3250652020e-04
3.4099099099e+11	9.1130525685e-04
3.4110310310e+11	8.9011212345e-04
3.4121521522e+11	8.7343461908e-04
3.4132732733e+11	8.5806773455e-04
3.4143943944e+11	8.4270724161e-04
3.4155155155e+11	8.2735317107e-04
3.4166366366e+11	8.1200555376e-04
3.4177577578e+11	7.9666442051e-04
3.4188788789e+11	7.8132980214e-04
3.4200000000e+11	7.6600172947e-04
